100
3 2 4
3 2 9
20 5 213067851076
26 44 823930141389
2 97 669258866100
2 100 2936890
1 1 2
10 49 677612506425
1 5 1
2 100 96234111004
1 5 3
24 58 884003721937
2 94 488518479280
25 36 206792458794
12 30 263180874667
3 15 1015
9 15 878667755663
2 100 102273908761
3 32 902813021350
26 12 994362856587
26 1 3
5 60 753651293581
2 100 3196059683
1 99 1000000000000
1 1 1
9 52 938097345859
2 100 3121207
15 3 15503275064
5 38 669717120449
22 34 826360556881
1 52 900832514512
24 87 797432006021
5 27 601555103601
26 1 5
21 70 412784143653
2 100 1000000000000
20 14 110191268204
9 60 996613883240
12 32 836282114728
13 46 827400097530
4 8 870280292345
14 16 768754816321
1 5 2
8 49 872071189079
7 2 39271227374
2 99 265350325084
2 100 549755813913
1 55 760721089196
2 58 951500373359
2 97 886622411164
10 12 422752256716
5 10 7323
4 7 875772543059
26 1 1
1 46 844151585549
25 35 723206121304
9 17 643320576842
24 41 293076937932
2 92 95259809065
3 5 51
3 3 16
2 100 353414451810
20 47 802686780016
24 46 807820748687
7 9 213334437833
3 56 321149388283
24 41 958458728920
5 16 682572964402
25 44 961051964148
26 64 747230784180
26 100 1000000000000
2 94 192838700111
1 53 966803199029
17 51 901588101856
2 90 72701362745
1 100 1000000000000
3 18 6851
5 9 78115925125
1 9 527528571581
5 10 7322
5 9 103506247592
3 2 7
1 100 100
9 69 712462829346
2 8 171866073891
8 70 637386702822
13 90 971213745766
11 8 833618195115
23 19 939015508255
22 52 785504827204
2 100 3007316006
2 94 927992296171
2 96 787513086044
23 19 306008613815
26 44 750862681785
10 41 757324731235
3 3 97843
23 8 476724472164
2 90 87650177921
1 5 5
